setup: 0.0021300315856933594, dyn: 1.734006404876709, total: 1.7361388206481934
setup: 0.002180337905883789, dyn: 0.28284120559692383, total: 0.28502368927001953
setup: 0.002165079116821289, dyn: 1.5399389266967773, total: 1.542107343673706
setup: 0.002292633056640625, dyn: 1.789261817932129, total: 1.7915565967559814
